eval_loss = 0.16102305081025853
f1_score = 0.9124286341677647
precision = 0.9047204319804912
recall = 0.9202693125442948
